Network Diameter: 16
0	8	( 704 800 859 861 932 945 )
1	9	( 704 800 859 861 945 )
2	9	( 704 800 859 861 945 )
3	9	( 704 800 859 861 932 945 )
4	9	( 704 800 859 861 932 945 )
5	10	( 704 800 859 861 945 )
6	9	( 704 800 859 861 932 945 )
7	10	( 704 800 859 861 945 )
8	9	( 704 861 932 )
9	9	( 800 859 932 945 )
10	9	( 704 800 859 861 932 945 )
11	10	( 704 800 859 861 945 )
12	9	( 704 800 859 861 932 945 )
13	10	( 704 800 859 861 945 )
14	10	( 704 800 859 861 932 945 )
15	10	( 800 859 932 945 )
16	9	( 704 800 859 861 932 945 )
17	9	( 704 800 859 861 932 945 )
18	9	( 704 800 859 861 932 945 )
19	9	( 704 800 859 861 932 945 )
20	10	( 704 800 859 861 932 945 )
21	9	( 704 800 859 861 932 945 )
22	9	( 704 800 859 861 932 945 )
23	10	( 704 861 932 )
24	9	( 704 800 859 861 932 945 )
25	9	( 704 800 859 861 932 945 )
26	10	( 704 800 859 861 932 945 )
27	10	( 704 800 859 861 932 945 )
28	11	( 704 800 859 861 932 945 )
29	9	( 704 800 859 861 932 945 )
30	10	( 704 800 859 861 945 )
31	10	( 704 861 932 )
32	10	( 704 800 859 861 932 945 )
33	9	( 704 800 859 861 932 945 )
34	10	( 704 861 932 )
35	10	( 704 800 859 861 932 945 )
36	9	( 704 800 859 861 932 945 )
37	9	( 704 800 859 861 932 945 )
38	10	( 704 861 932 )
39	10	( 704 800 859 861 932 945 )
40	10	( 704 800 859 861 932 945 )
41	10	( 704 861 932 )
42	10	( 704 800 859 861 932 945 )
43	11	( 704 800 859 861 932 945 )
44	11	( 800 859 932 945 )
45	11	( 704 800 859 861 945 )
46	11	( 704 861 932 )
47	10	( 704 800 859 861 945 )
48	9	( 704 800 859 861 932 945 )
49	11	( 704 861 932 )
50	9	( 704 800 859 861 932 945 )
51	10	( 704 800 859 861 932 945 )
52	11	( 704 861 932 )
53	10	( 704 800 859 861 932 945 )
54	10	( 704 800 859 861 932 945 )
55	10	( 704 800 859 861 932 945 )
56	10	( 704 861 932 )
57	10	( 704 800 859 861 932 945 )
58	9	( 704 800 859 861 932 945 )
59	10	( 704 800 859 861 932 945 )
60	10	( 704 800 859 861 945 )
61	11	( 704 800 859 861 932 945 )
62	11	( 704 861 932 )
63	11	( 704 800 859 861 932 945 )
64	10	( 704 800 859 861 932 945 )
65	10	( 704 800 859 861 932 945 )
66	9	( 704 800 859 861 932 945 )
67	10	( 704 861 932 )
68	11	( 704 800 859 861 932 945 )
69	10	( 704 800 859 861 945 )
70	11	( 704 800 859 861 932 945 )
71	10	( 704 800 859 861 932 945 )
72	9	( 704 800 859 861 932 945 )
73	11	( 704 800 859 861 932 945 )
74	10	( 704 800 859 861 932 945 )
75	10	( 704 861 932 )
76	10	( 704 800 859 861 932 945 )
77	10	( 704 800 859 861 945 )
78	10	( 704 800 859 861 945 )
79	10	( 704 800 859 861 932 945 )
80	10	( 704 861 932 )
81	11	( 704 861 932 )
82	12	( 800 859 932 945 )
83	9	( 704 800 859 861 932 945 )
84	10	( 704 800 859 861 932 945 )
85	11	( 704 861 932 )
86	13	( 800 859 932 945 )
87	10	( 704 861 932 )
88	11	( 704 800 859 861 932 945 )
89	10	( 704 800 859 861 932 945 )
90	11	( 704 861 932 )
91	10	( 704 861 932 )
92	11	( 704 800 859 861 945 )
93	11	( 704 861 932 )
94	10	( 704 800 859 861 945 )
95	12	( 704 800 859 861 932 945 )
96	11	( 704 861 932 )
97	10	( 704 800 859 861 932 945 )
98	12	( 704 861 932 )
99	12	( 704 861 932 )
100	10	( 704 800 859 861 932 945 )
101	10	( 704 861 932 )
102	10	( 704 800 859 861 945 )
103	9	( 704 800 859 861 932 945 )
104	11	( 704 800 859 861 932 945 )
105	12	( 704 800 859 861 932 945 )
106	11	( 704 800 859 861 945 )
107	11	( 704 800 859 861 932 945 )
108	12	( 704 861 932 )
109	11	( 704 800 859 861 945 )
110	10	( 704 800 859 861 932 945 )
111	11	( 704 800 859 861 932 945 )
112	11	( 704 861 932 )
113	10	( 704 800 859 861 932 945 )
114	12	( 704 861 932 )
115	13	( 704 861 932 )
116	9	( 704 800 859 861 932 945 )
117	10	( 704 800 859 861 945 )
118	10	( 704 861 932 )
119	11	( 704 861 932 )
120	12	( 704 800 859 861 945 )
121	12	( 704 800 859 861 932 945 )
122	13	( 704 861 932 )
123	10	( 704 800 859 861 945 )
124	10	( 704 800 859 861 932 945 )
125	12	( 704 861 932 )
126	12	( 704 800 859 861 945 )
127	9	( 704 800 859 861 932 945 )
128	10	( 704 800 859 861 932 945 )
129	11	( 704 800 859 861 932 945 )
130	13	( 704 861 932 )
131	10	( 704 800 859 861 932 945 )
132	11	( 704 861 932 )
133	13	( 704 861 932 )
134	10	( 704 800 859 861 932 945 )
135	11	( 704 861 932 )
136	12	( 704 800 859 861 945 )
137	10	( 704 800 859 861 932 945 )
138	12	( 704 861 932 )
139	12	( 704 861 932 )
140	10	( 704 800 859 861 932 945 )
141	11	( 704 800 859 861 932 945 )
142	10	( 704 800 859 861 932 945 )
143	10	( 704 800 859 861 932 945 )
144	9	( 704 800 859 861 932 945 )
145	11	( 704 800 859 861 932 945 )
146	12	( 704 800 859 861 945 )
147	10	( 704 800 859 861 932 945 )
148	14	( 800 859 932 945 )
149	10	( 704 800 859 861 932 945 )
150	11	( 704 800 859 861 932 945 )
151	10	( 704 800 859 861 945 )
152	11	( 704 800 859 861 945 )
153	10	( 704 800 859 861 945 )
154	11	( 704 800 859 861 932 945 )
155	10	( 704 800 859 861 945 )
156	10	( 704 800 859 861 932 945 )
157	10	( 704 800 859 861 945 )
158	11	( 704 800 859 861 932 945 )
159	10	( 704 800 859 861 932 945 )
160	11	( 704 800 859 861 945 )
161	10	( 704 800 859 861 932 945 )
162	11	( 704 800 859 861 932 945 )
163	11	( 800 859 932 945 )
164	13	( 704 861 932 )
165	11	( 704 861 932 )
166	9	( 704 800 859 861 932 945 )
167	11	( 704 800 859 861 932 945 )
168	10	( 704 800 859 861 945 )
169	11	( 704 861 932 )
170	10	( 704 800 859 861 932 945 )
171	12	( 704 861 932 )
172	12	( 800 859 932 945 )
173	9	( 704 800 859 861 932 945 )
174	13	( 800 859 932 945 )
175	11	( 704 800 859 861 945 )
176	10	( 704 800 859 861 932 945 )
177	11	( 704 800 859 861 932 945 )
178	10	( 704 800 859 861 945 )
179	13	( 704 800 859 861 932 945 )
180	11	( 704 861 932 )
181	9	( 704 800 859 861 932 945 )
182	13	( 800 859 932 945 )
183	11	( 800 859 932 945 )
184	11	( 704 800 859 861 945 )
185	11	( 704 861 932 )
186	10	( 704 861 932 )
187	11	( 704 800 859 861 932 945 )
188	12	( 704 800 859 861 932 945 )
189	10	( 704 861 932 )
190	11	( 704 800 859 861 932 945 )
191	12	( 704 861 932 )
192	10	( 704 861 932 )
193	10	( 704 800 859 861 932 945 )
194	10	( 704 800 859 861 932 945 )
195	11	( 704 800 859 861 945 )
196	13	( 704 800 859 861 932 945 )
197	11	( 704 861 932 )
198	11	( 704 800 859 861 932 945 )
199	9	( 704 800 859 861 932 945 )
200	13	( 704 861 932 )
201	11	( 704 800 859 861 945 )
202	10	( 704 800 859 861 932 945 )
203	11	( 704 800 859 861 932 945 )
204	11	( 704 800 859 861 932 945 )
205	10	( 704 800 859 861 932 945 )
206	9	( 704 800 859 861 932 945 )
207	12	( 704 861 932 )
208	10	( 704 800 859 861 932 945 )
209	10	( 704 800 859 861 932 945 )
210	12	( 704 800 859 861 945 )
211	11	( 704 861 932 )
212	11	( 704 800 859 861 932 945 )
213	10	( 704 800 859 861 945 )
214	11	( 704 800 859 861 932 945 )
215	11	( 704 861 932 )
216	11	( 704 861 932 )
217	9	( 704 800 859 861 932 945 )
218	12	( 704 800 859 861 932 945 )
219	12	( 704 800 859 861 932 945 )
220	11	( 704 861 932 )
221	9	( 704 800 859 861 932 945 )
222	11	( 704 800 859 861 932 945 )
223	11	( 704 800 859 861 932 945 )
224	11	( 704 800 859 861 945 )
225	10	( 704 800 859 861 945 )
226	12	( 704 800 859 861 945 )
227	11	( 704 800 859 861 945 )
228	12	( 800 859 932 945 )
229	10	( 704 800 859 861 932 945 )
230	12	( 704 800 859 861 932 945 )
231	13	( 704 800 859 861 945 )
232	12	( 704 861 932 )
233	10	( 704 800 859 861 932 945 )
234	9	( 704 800 859 861 932 945 )
235	10	( 704 800 859 861 932 945 )
236	12	( 704 861 932 )
237	11	( 704 800 859 861 945 )
238	10	( 704 861 932 )
239	9	( 704 800 859 861 932 945 )
240	11	( 704 800 859 861 932 945 )
241	11	( 704 800 859 861 932 945 )
242	11	( 704 800 859 861 932 945 )
243	10	( 704 800 859 861 932 945 )
244	13	( 704 861 932 )
245	11	( 704 800 859 861 945 )
246	11	( 704 800 859 861 932 945 )
247	11	( 704 800 859 861 932 945 )
248	10	( 704 861 932 )
249	9	( 704 800 859 861 932 945 )
250	12	( 704 800 859 861 932 945 )
251	12	( 704 861 932 )
252	12	( 704 861 932 )
253	10	( 704 800 859 861 932 945 )
254	9	( 704 800 859 861 932 945 )
255	13	( 704 861 932 )
256	12	( 704 861 932 )
257	10	( 704 800 859 861 932 945 )
258	11	( 704 800 859 861 932 945 )
259	11	( 704 800 859 861 945 )
260	14	( 704 861 932 )
261	12	( 800 859 932 945 )
262	11	( 704 800 859 861 932 945 )
263	11	( 704 800 859 861 932 945 )
264	10	( 704 800 859 861 932 945 )
265	10	( 704 800 859 861 945 )
266	13	( 704 861 932 )
267	11	( 704 800 859 861 932 945 )
268	12	( 704 861 932 )
269	12	( 704 861 932 )
270	10	( 704 800 859 861 932 945 )
271	10	( 704 800 859 861 945 )
272	12	( 704 800 859 861 932 945 )
273	12	( 704 861 932 )
274	10	( 704 800 859 861 932 945 )
275	11	( 704 800 859 861 932 945 )
276	10	( 704 800 859 861 932 945 )
277	10	( 704 800 859 861 932 945 )
278	11	( 704 800 859 861 932 945 )
279	12	( 704 800 859 861 945 )
280	14	( 704 861 932 )
281	12	( 704 861 932 )
282	12	( 704 800 859 861 945 )
283	10	( 704 800 859 861 932 945 )
284	10	( 704 800 859 861 945 )
285	13	( 704 800 859 861 932 945 )
286	11	( 704 800 859 861 932 945 )
287	11	( 704 861 932 )
288	12	( 704 800 859 861 932 945 )
289	11	( 704 800 859 861 932 945 )
290	10	( 704 800 859 861 932 945 )
291	10	( 704 800 859 861 945 )
292	11	( 704 800 859 861 932 945 )
293	14	( 800 859 932 945 )
294	13	( 704 861 932 )
295	11	( 704 800 859 861 932 945 )
296	12	( 704 861 932 )
297	11	( 800 859 932 945 )
298	10	( 704 800 859 861 945 )
299	11	( 704 800 859 861 932 945 )
300	11	( 704 800 859 861 945 )
301	11	( 704 800 859 861 945 )
302	13	( 704 861 932 )
303	12	( 704 800 859 861 932 945 )
304	11	( 704 800 859 861 932 945 )
305	10	( 704 861 932 )
306	9	( 704 800 859 861 932 945 )
307	12	( 704 800 859 861 932 945 )
308	10	( 704 800 859 861 932 945 )
309	13	( 704 800 859 861 945 )
310	11	( 704 800 859 861 945 )
311	11	( 704 800 859 861 932 945 )
312	11	( 704 861 932 )
313	10	( 704 861 932 )
314	9	( 704 800 859 861 932 945 )
315	15	( 704 861 932 )
316	12	( 704 800 859 861 932 945 )
317	11	( 704 800 859 861 932 945 )
318	12	( 704 800 859 861 932 945 )
319	11	( 704 800 859 861 932 945 )
320	12	( 704 800 859 861 932 945 )
321	11	( 800 859 932 945 )
322	10	( 704 800 859 861 932 945 )
323	9	( 704 800 859 861 932 945 )
324	13	( 704 861 932 )
325	12	( 704 800 859 861 945 )
326	13	( 704 800 859 861 945 )
327	11	( 704 800 859 861 932 945 )
328	12	( 704 800 859 861 932 945 )
329	11	( 704 800 859 861 932 945 )
330	10	( 704 800 859 861 932 945 )
331	10	( 704 800 859 861 945 )
332	9	( 704 800 859 861 932 945 )
333	11	( 704 800 859 861 945 )
334	11	( 704 800 859 861 932 945 )
335	11	( 704 800 859 861 932 945 )
336	12	( 704 800 859 861 932 945 )
337	12	( 704 800 859 861 932 945 )
338	11	( 704 800 859 861 945 )
339	10	( 704 800 859 861 932 945 )
340	10	( 704 800 859 861 932 945 )
341	9	( 704 800 859 861 932 945 )
342	10	( 704 800 859 861 932 945 )
343	12	( 704 800 859 861 932 945 )
344	12	( 704 800 859 861 932 945 )
345	13	( 704 800 859 861 945 )
346	13	( 704 861 932 )
347	12	( 704 800 859 861 932 945 )
348	12	( 704 800 859 861 945 )
349	10	( 704 800 859 861 932 945 )
350	10	( 704 800 859 861 932 945 )
351	9	( 704 800 859 861 932 945 )
352	13	( 704 800 859 861 932 945 )
353	15	( 704 861 932 )
354	11	( 704 800 859 861 932 945 )
355	11	( 704 800 859 861 932 945 )
356	13	( 704 861 932 )
357	13	( 800 859 932 945 )
358	11	( 704 800 859 861 932 945 )
359	11	( 704 800 859 861 932 945 )
360	10	( 704 800 859 861 932 945 )
361	10	( 704 800 859 861 945 )
362	9	( 704 800 859 861 932 945 )
363	12	( 704 800 859 861 945 )
364	10	( 704 800 859 861 932 945 )
365	11	( 704 800 859 861 932 945 )
366	11	( 704 800 859 861 932 945 )
367	14	( 704 861 932 )
368	11	( 704 800 859 861 932 945 )
369	11	( 704 800 859 861 932 945 )
370	11	( 704 861 932 )
371	11	( 800 859 932 945 )
372	10	( 704 800 859 861 932 945 )
373	9	( 704 800 859 861 932 945 )
374	11	( 704 800 859 861 932 945 )
375	11	( 704 800 859 861 932 945 )
376	11	( 704 800 859 861 932 945 )
377	11	( 704 861 932 )
378	15	( 800 859 932 945 )
379	12	( 704 800 859 861 932 945 )
380	11	( 704 800 859 861 932 945 )
381	11	( 704 800 859 861 932 945 )
382	11	( 704 861 932 )
383	11	( 704 800 859 861 945 )
384	10	( 704 800 859 861 932 945 )
385	9	( 704 800 859 861 932 945 )
386	12	( 704 800 859 861 932 945 )
387	14	( 704 861 932 )
388	13	( 704 861 932 )
389	12	( 704 800 859 861 932 945 )
390	12	( 704 800 859 861 932 945 )
391	13	( 704 861 932 )
392	12	( 704 861 932 )
393	11	( 704 861 932 )
394	11	( 704 800 859 861 945 )
395	11	( 704 800 859 861 932 945 )
396	10	( 704 800 859 861 932 945 )
397	10	( 704 800 859 861 932 945 )
398	9	( 704 800 859 861 932 945 )
399	13	( 704 800 859 861 945 )
400	14	( 704 800 859 861 945 )
401	15	( 704 861 932 )
402	12	( 704 800 859 861 932 945 )
403	10	( 704 800 859 861 932 945 )
404	12	( 704 800 859 861 932 945 )
405	12	( 704 800 859 861 932 945 )
406	11	( 704 800 859 861 932 945 )
407	11	( 704 861 932 )
408	11	( 704 800 859 861 932 945 )
409	10	( 704 800 859 861 932 945 )
410	10	( 704 861 932 )
411	10	( 704 800 859 861 945 )
412	9	( 704 800 859 861 932 945 )
413	13	( 704 800 859 861 945 )
414	12	( 704 800 859 861 932 945 )
415	11	( 704 800 859 861 945 )
416	12	( 704 800 859 861 932 945 )
417	14	( 800 859 932 945 )
418	12	( 704 800 859 861 932 945 )
419	13	( 704 861 932 )
420	11	( 704 861 932 )
421	11	( 704 800 859 861 932 945 )
422	11	( 704 800 859 861 945 )
423	12	( 704 800 859 861 932 945 )
424	11	( 704 800 859 861 945 )
425	10	( 704 800 859 861 932 945 )
426	9	( 704 800 859 861 932 945 )
427	14	( 704 861 932 )
428	12	( 704 800 859 861 932 945 )
429	13	( 704 800 859 861 932 945 )
430	11	( 704 800 859 861 945 )
431	13	( 704 861 932 )
432	13	( 704 861 932 )
433	11	( 704 800 859 861 932 945 )
434	13	( 704 861 932 )
435	11	( 704 800 859 861 932 945 )
436	11	( 704 861 932 )
437	11	( 704 800 859 861 932 945 )
438	11	( 704 800 859 861 932 945 )
439	10	( 704 800 859 861 932 945 )
440	10	( 704 861 932 )
441	10	( 704 800 859 861 932 945 )
442	9	( 704 800 859 861 932 945 )
443	11	( 704 800 859 861 932 945 )
444	12	( 704 800 859 861 932 945 )
445	12	( 704 800 859 861 932 945 )
446	11	( 704 800 859 861 932 945 )
447	12	( 704 800 859 861 932 945 )
448	11	( 704 800 859 861 932 945 )
449	13	( 800 859 932 945 )
450	13	( 704 800 859 861 945 )
451	12	( 704 861 932 )
452	11	( 704 861 932 )
453	11	( 704 861 932 )
454	11	( 704 800 859 861 932 945 )
455	10	( 704 800 859 861 932 945 )
456	10	( 704 800 859 861 932 945 )
457	10	( 704 861 932 )
458	10	( 704 800 859 861 945 )
459	9	( 704 800 859 861 932 945 )
460	13	( 704 800 859 861 932 945 )
461	11	( 704 800 859 861 932 945 )
462	10	( 704 800 859 861 932 945 )
463	11	( 704 800 859 861 932 945 )
464	12	( 704 800 859 861 932 945 )
465	13	( 704 861 932 )
466	12	( 704 800 859 861 945 )
467	12	( 800 859 932 945 )
468	13	( 704 861 932 )
469	13	( 704 861 932 )
470	11	( 704 861 932 )
471	11	( 704 861 932 )
472	11	( 704 800 859 861 932 945 )
473	11	( 704 861 932 )
474	10	( 704 800 859 861 932 945 )
475	10	( 704 861 932 )
476	10	( 704 800 859 861 932 945 )
477	9	( 704 800 859 861 932 945 )
478	9	( 704 800 859 861 932 945 )
479	14	( 704 861 932 )
480	13	( 704 800 859 861 932 945 )
481	13	( 704 800 859 861 932 945 )
482	13	( 704 800 859 861 932 945 )
483	12	( 704 800 859 861 932 945 )
484	11	( 704 800 859 861 932 945 )
485	12	( 704 800 859 861 945 )
486	11	( 704 800 859 861 932 945 )
487	13	( 704 800 859 861 945 )
488	14	( 704 861 932 )
489	11	( 704 800 859 861 945 )
490	11	( 704 800 859 861 932 945 )
491	10	( 704 800 859 861 932 945 )
492	12	( 704 861 932 )
493	11	( 704 861 932 )
494	10	( 704 800 859 861 932 945 )
495	10	( 704 861 932 )
496	10	( 704 800 859 861 932 945 )
497	9	( 704 800 859 861 932 945 )
498	9	( 704 800 859 861 932 945 )
499	13	( 704 861 932 )
500	11	( 704 800 859 861 932 945 )
501	12	( 704 800 859 861 932 945 )
502	12	( 704 800 859 861 932 945 )
503	11	( 704 800 859 861 945 )
504	12	( 704 800 859 861 932 945 )
505	12	( 704 800 859 861 945 )
506	12	( 704 800 859 861 945 )
507	10	( 704 800 859 861 932 945 )
508	13	( 704 800 859 861 945 )
509	14	( 704 861 932 )
510	13	( 704 800 859 861 932 945 )
511	11	( 704 800 859 861 932 945 )
512	12	( 704 800 859 861 932 945 )
513	10	( 704 800 859 861 932 945 )
514	10	( 704 800 859 861 932 945 )
515	10	( 704 800 859 861 932 945 )
516	10	( 704 800 859 861 932 945 )
517	10	( 704 800 859 861 932 945 )
518	10	( 704 800 859 861 945 )
519	9	( 704 800 859 861 932 945 )
520	13	( 704 800 859 861 932 945 )
521	14	( 704 800 859 861 932 945 )
522	12	( 704 861 932 )
523	12	( 704 800 859 861 932 945 )
524	13	( 704 800 859 861 932 945 )
525	11	( 704 800 859 861 932 945 )
526	11	( 704 800 859 861 932 945 )
527	12	( 704 800 859 861 932 945 )
528	12	( 704 800 859 861 932 945 )
529	12	( 704 800 859 861 932 945 )
530	11	( 704 800 859 861 932 945 )
531	12	( 704 800 859 861 932 945 )
532	13	( 704 861 932 )
533	11	( 704 800 859 861 945 )
534	11	( 704 800 859 861 932 945 )
535	12	( 704 861 932 )
536	10	( 704 800 859 861 932 945 )
537	11	( 704 800 859 861 932 945 )
538	10	( 704 800 859 861 932 945 )
539	11	( 704 800 859 861 945 )
540	10	( 704 861 932 )
541	10	( 704 800 859 861 932 945 )
542	9	( 704 800 859 861 932 945 )
543	9	( 704 800 859 861 932 945 )
544	13	( 704 800 859 861 932 945 )
545	12	( 704 861 932 )
546	12	( 704 800 859 861 932 945 )
547	11	( 704 800 859 861 932 945 )
548	11	( 704 800 859 861 945 )
549	14	( 704 800 859 861 945 )
550	14	( 704 861 932 )
551	11	( 704 800 859 861 945 )
552	13	( 704 861 932 )
553	13	( 704 861 932 )
554	14	( 800 859 932 945 )
555	12	( 704 800 859 861 932 945 )
556	12	( 704 800 859 861 932 945 )
557	13	( 704 861 932 )
558	11	( 704 800 859 861 932 945 )
559	13	( 800 859 932 945 )
560	11	( 704 861 932 )
561	11	( 704 800 859 861 932 945 )
562	12	( 800 859 932 945 )
563	11	( 704 861 932 )
564	10	( 704 800 859 861 932 945 )
565	10	( 704 800 859 861 932 945 )
566	10	( 704 800 859 861 932 945 )
567	10	( 704 800 859 861 945 )
568	9	( 704 800 859 861 932 945 )
569	9	( 704 800 859 861 932 945 )
570	12	( 704 800 859 861 932 945 )
571	11	( 704 800 859 861 932 945 )
572	11	( 704 800 859 861 945 )
573	13	( 704 800 859 861 932 945 )
574	13	( 704 800 859 861 932 945 )
575	14	( 800 859 932 945 )
576	14	( 704 861 932 )
577	14	( 704 861 932 )
578	14	( 704 861 932 )
579	12	( 704 800 859 861 932 945 )
580	12	( 704 800 859 861 932 945 )
581	12	( 704 800 859 861 932 945 )
582	10	( 704 800 859 861 932 945 )
583	12	( 704 800 859 861 932 945 )
584	13	( 704 800 859 861 945 )
585	12	( 704 800 859 861 932 945 )
586	12	( 704 800 859 861 945 )
587	11	( 704 800 859 861 945 )
588	12	( 704 800 859 861 932 945 )
589	12	( 704 861 932 )
590	12	( 704 800 859 861 932 945 )
591	11	( 704 861 932 )
592	10	( 704 800 859 861 932 945 )
593	10	( 704 800 859 861 932 945 )
594	10	( 704 800 859 861 932 945 )
595	10	( 704 800 859 861 932 945 )
596	9	( 704 800 859 861 932 945 )
597	9	( 704 800 859 861 932 945 )
598	11	( 704 800 859 861 932 945 )
599	14	( 704 800 859 861 932 945 )
600	14	( 704 800 859 861 945 )
601	12	( 704 800 859 861 932 945 )
602	11	( 704 800 859 861 932 945 )
603	12	( 704 800 859 861 932 945 )
604	12	( 704 800 859 861 932 945 )
605	13	( 704 800 859 861 932 945 )
606	13	( 704 800 859 861 932 945 )
607	11	( 704 800 859 861 932 945 )
608	11	( 704 800 859 861 945 )
609	12	( 704 800 859 861 932 945 )
610	12	( 704 800 859 861 932 945 )
611	11	( 704 800 859 861 932 945 )
612	13	( 704 861 932 )
613	11	( 704 800 859 861 932 945 )
614	13	( 704 800 859 861 945 )
615	13	( 704 861 932 )
616	11	( 704 800 859 861 932 945 )
617	11	( 704 800 859 861 932 945 )
618	12	( 704 800 859 861 932 945 )
619	11	( 704 800 859 861 945 )
620	10	( 704 800 859 861 932 945 )
621	11	( 704 861 932 )
622	11	( 704 861 932 )
623	10	( 704 800 859 861 932 945 )
624	10	( 704 800 859 861 932 945 )
625	10	( 704 861 932 )
626	10	( 704 800 859 861 932 945 )
627	10	( 704 800 859 861 945 )
628	9	( 704 800 859 861 932 945 )
629	9	( 704 800 859 861 932 945 )
630	11	( 704 800 859 861 932 945 )
631	14	( 800 859 932 945 )
632	12	( 704 800 859 861 932 945 )
633	12	( 704 861 932 )
634	14	( 704 800 859 861 932 945 )
635	12	( 704 800 859 861 945 )
636	15	( 704 800 859 861 945 )
637	12	( 800 859 932 945 )
638	14	( 704 800 859 861 945 )
639	13	( 704 800 859 861 932 945 )
640	12	( 704 800 859 861 932 945 )
641	12	( 704 800 859 861 932 945 )
642	12	( 704 800 859 861 932 945 )
643	12	( 704 800 859 861 945 )
644	11	( 704 800 859 861 932 945 )
645	14	( 800 859 932 945 )
646	12	( 704 800 859 861 932 945 )
647	15	( 800 859 932 945 )
648	11	( 704 800 859 861 932 945 )
649	12	( 704 861 932 )
650	11	( 704 800 859 861 932 945 )
651	11	( 704 800 859 861 932 945 )
652	12	( 704 800 859 861 932 945 )
653	12	( 704 800 859 861 932 945 )
654	12	( 704 861 932 )
655	12	( 800 859 932 945 )
656	11	( 704 861 932 )
657	11	( 704 861 932 )
658	11	( 800 859 932 945 )
659	10	( 704 861 932 )
660	10	( 704 800 859 861 932 945 )
661	10	( 704 800 859 861 932 945 )
662	10	( 704 800 859 861 945 )
663	9	( 704 800 859 861 932 945 )
664	9	( 704 800 859 861 932 945 )
665	10	( 704 800 859 861 932 945 )
666	11	( 704 800 859 861 932 945 )
667	12	( 704 861 932 )
668	14	( 704 861 932 )
669	13	( 704 800 859 861 932 945 )
670	12	( 704 861 932 )
671	12	( 704 800 859 861 932 945 )
672	15	( 800 859 932 945 )
673	13	( 704 800 859 861 932 945 )
674	13	( 704 800 859 861 945 )
675	11	( 704 800 859 861 932 945 )
676	11	( 704 861 932 )
677	11	( 704 800 859 861 945 )
678	12	( 704 800 859 861 932 945 )
679	11	( 704 861 932 )
680	11	( 704 800 859 861 932 945 )
681	10	( 704 800 859 861 932 945 )
682	11	( 704 861 932 )
683	11	( 704 800 859 861 932 945 )
684	11	( 704 800 859 861 932 945 )
685	12	( 704 800 859 861 932 945 )
686	14	( 704 861 932 )
687	12	( 704 800 859 861 932 945 )
688	11	( 704 800 859 861 945 )
689	10	( 704 800 859 861 932 945 )
690	12	( 704 800 859 861 932 945 )
691	12	( 704 800 859 861 932 945 )
692	11	( 704 800 859 861 932 945 )
693	12	( 704 861 932 )
694	11	( 704 861 932 )
695	11	( 704 800 859 861 932 945 )
696	10	( 704 800 859 861 932 945 )
697	11	( 704 800 859 861 945 )
698	10	( 704 861 932 )
699	10	( 704 800 859 861 932 945 )
700	10	( 704 800 859 861 945 )
701	9	( 704 800 859 861 932 945 )
702	9	( 704 800 859 861 932 945 )
703	9	( 704 800 859 861 932 945 )
704	16	( 800 859 932 945 )
705	13	( 704 800 859 861 932 945 )
706	13	( 704 800 859 861 932 945 )
707	13	( 704 800 859 861 932 945 )
708	15	( 704 861 932 )
709	13	( 704 861 932 )
710	11	( 704 861 932 )
711	13	( 800 859 932 945 )
712	11	( 704 800 859 861 932 945 )
713	15	( 800 859 932 945 )
714	14	( 704 861 932 )
715	12	( 704 800 859 861 932 945 )
716	14	( 704 800 859 861 945 )
717	12	( 800 859 932 945 )
718	14	( 704 861 932 )
719	15	( 704 861 932 )
720	13	( 800 859 932 945 )
721	11	( 704 800 859 861 932 945 )
722	12	( 704 800 859 861 945 )
723	11	( 704 800 859 861 932 945 )
724	13	( 704 800 859 861 932 945 )
725	11	( 704 800 859 861 932 945 )
726	11	( 704 800 859 861 932 945 )
727	13	( 704 800 859 861 945 )
728	13	( 704 800 859 861 945 )
729	13	( 704 861 932 )
730	13	( 704 861 932 )
731	11	( 704 800 859 861 932 945 )
732	11	( 704 800 859 861 932 945 )
733	12	( 704 800 859 861 932 945 )
734	11	( 704 800 859 861 945 )
735	12	( 704 861 932 )
736	12	( 704 861 932 )
737	11	( 704 800 859 861 932 945 )
738	11	( 704 800 859 861 945 )
739	10	( 704 800 859 861 932 945 )
740	11	( 704 800 859 861 932 945 )
741	10	( 704 861 932 )
742	10	( 704 800 859 861 932 945 )
743	10	( 704 800 859 861 932 945 )
744	10	( 704 800 859 861 945 )
745	9	( 704 800 859 861 932 945 )
746	9	( 704 800 859 861 932 945 )
747	9	( 704 800 859 861 932 945 )
748	15	( 704 800 859 861 945 )
749	15	( 704 861 932 )
750	12	( 704 861 932 )
751	10	( 704 800 859 861 932 945 )
752	15	( 704 800 859 861 945 )
753	14	( 704 800 859 861 932 945 )
754	12	( 704 800 859 861 932 945 )
755	13	( 704 861 932 )
756	11	( 704 800 859 861 932 945 )
757	12	( 704 861 932 )
758	13	( 704 800 859 861 932 945 )
759	11	( 704 800 859 861 932 945 )
760	13	( 704 800 859 861 932 945 )
761	12	( 704 800 859 861 932 945 )
762	11	( 704 800 859 861 932 945 )
763	11	( 704 800 859 861 932 945 )
764	13	( 704 800 859 861 932 945 )
765	12	( 704 800 859 861 932 945 )
766	15	( 704 861 932 )
767	12	( 704 800 859 861 932 945 )
768	12	( 704 800 859 861 932 945 )
769	11	( 704 800 859 861 932 945 )
770	12	( 704 861 932 )
771	12	( 704 800 859 861 945 )
772	12	( 704 861 932 )
773	12	( 704 861 932 )
774	11	( 704 800 859 861 932 945 )
775	11	( 704 800 859 861 932 945 )
776	13	( 704 861 932 )
777	13	( 704 861 932 )
778	13	( 704 861 932 )
779	12	( 704 800 859 861 945 )
780	13	( 800 859 932 945 )
781	12	( 704 800 859 861 932 945 )
782	12	( 704 800 859 861 932 945 )
783	11	( 704 861 932 )
784	10	( 704 800 859 861 932 945 )
785	12	( 800 859 932 945 )
786	11	( 704 861 932 )
787	12	( 704 800 859 861 932 945 )
788	10	( 704 800 859 861 932 945 )
789	11	( 800 859 932 945 )
790	10	( 704 800 859 861 932 945 )
791	10	( 704 861 932 )
792	10	( 704 800 859 861 932 945 )
793	10	( 704 800 859 861 945 )
794	10	( 704 800 859 861 945 )
795	9	( 704 800 859 861 932 945 )
796	9	( 704 800 859 861 932 945 )
797	11	( 704 861 932 )
798	12	( 704 800 859 861 932 945 )
799	13	( 704 861 932 )
800	16	( 704 861 932 )
801	11	( 704 800 859 861 932 945 )
802	13	( 800 859 932 945 )
803	10	( 704 800 859 861 932 945 )
804	13	( 704 800 859 861 932 945 )
805	13	( 704 800 859 861 932 945 )
806	13	( 704 800 859 861 932 945 )
807	14	( 704 861 932 )
808	14	( 704 800 859 861 945 )
809	14	( 704 800 859 861 945 )
810	13	( 704 800 859 861 932 945 )
811	12	( 704 800 859 861 932 945 )
812	13	( 704 800 859 861 932 945 )
813	13	( 704 800 859 861 932 945 )
814	12	( 704 800 859 861 932 945 )
815	13	( 704 800 859 861 945 )
816	14	( 704 800 859 861 945 )
817	14	( 704 861 932 )
818	11	( 704 800 859 861 932 945 )
819	11	( 704 800 859 861 945 )
820	13	( 704 800 859 861 932 945 )
821	12	( 704 800 859 861 945 )
822	14	( 704 861 932 )
823	11	( 704 800 859 861 932 945 )
824	12	( 704 800 859 861 932 945 )
825	14	( 704 800 859 861 932 945 )
826	12	( 800 859 932 945 )
827	11	( 704 800 859 861 932 945 )
828	11	( 704 800 859 861 932 945 )
829	15	( 800 859 932 945 )
830	13	( 704 800 859 861 945 )
831	14	( 704 861 932 )
832	12	( 704 861 932 )
833	13	( 704 861 932 )
834	12	( 704 800 859 861 945 )
835	13	( 800 859 932 945 )
836	11	( 704 861 932 )
837	11	( 704 861 932 )
838	11	( 704 800 859 861 932 945 )
839	12	( 704 861 932 )
840	11	( 704 800 859 861 945 )
841	11	( 704 861 932 )
842	11	( 704 800 859 861 932 945 )
843	11	( 704 800 859 861 932 945 )
844	10	( 704 800 859 861 932 945 )
845	11	( 800 859 932 945 )
846	10	( 704 800 859 861 932 945 )
847	10	( 704 861 932 )
848	10	( 704 800 859 861 932 945 )
849	10	( 704 800 859 861 932 945 )
850	10	( 704 800 859 861 945 )
851	9	( 704 800 859 861 932 945 )
852	9	( 704 800 859 861 932 945 )
853	9	( 704 800 859 861 932 945 )
854	11	( 704 800 859 861 932 945 )
855	14	( 704 800 859 861 932 945 )
856	11	( 704 800 859 861 945 )
857	12	( 704 800 859 861 932 945 )
858	11	( 704 800 859 861 945 )
859	16	( 704 861 932 )
860	12	( 704 800 859 861 932 945 )
861	16	( 800 859 932 945 )
862	12	( 704 800 859 861 932 945 )
863	11	( 704 800 859 861 932 945 )
864	12	( 704 800 859 861 932 945 )
865	13	( 704 800 859 861 932 945 )
866	14	( 800 859 932 945 )
867	12	( 704 800 859 861 932 945 )
868	11	( 704 800 859 861 932 945 )
869	11	( 704 800 859 861 932 945 )
870	11	( 704 861 932 )
871	11	( 704 800 859 861 945 )
872	11	( 704 800 859 861 932 945 )
873	12	( 704 861 932 )
874	13	( 704 800 859 861 932 945 )
875	12	( 704 800 859 861 945 )
876	12	( 704 800 859 861 932 945 )
877	11	( 704 800 859 861 932 945 )
878	10	( 704 800 859 861 932 945 )
879	13	( 704 800 859 861 932 945 )
880	14	( 704 861 932 )
881	11	( 704 800 859 861 945 )
882	13	( 704 861 932 )
883	12	( 704 800 859 861 932 945 )
884	14	( 704 861 932 )
885	13	( 704 800 859 861 932 945 )
886	12	( 704 800 859 861 932 945 )
887	11	( 704 800 859 861 932 945 )
888	12	( 704 800 859 861 932 945 )
889	11	( 704 800 859 861 932 945 )
890	12	( 704 861 932 )
891	11	( 704 800 859 861 932 945 )
892	13	( 704 800 859 861 945 )
893	13	( 704 800 859 861 945 )
894	14	( 704 861 932 )
895	11	( 704 800 859 861 932 945 )
896	11	( 704 800 859 861 945 )
897	11	( 704 800 859 861 945 )
898	11	( 704 861 932 )
899	11	( 704 800 859 861 932 945 )
900	12	( 704 800 859 861 932 945 )
901	11	( 704 800 859 861 932 945 )
902	10	( 704 800 859 861 932 945 )
903	12	( 704 861 932 )
904	11	( 704 800 859 861 945 )
905	12	( 704 800 859 861 932 945 )
906	11	( 704 861 932 )
907	11	( 704 861 932 )
908	11	( 704 861 932 )
909	10	( 704 800 859 861 932 945 )
910	11	( 704 800 859 861 945 )
911	10	( 704 800 859 861 932 945 )
912	10	( 704 861 932 )
913	10	( 704 800 859 861 932 945 )
914	10	( 704 800 859 861 932 945 )
915	10	( 704 800 859 861 945 )
916	10	( 704 800 859 861 945 )
917	9	( 704 800 859 861 932 945 )
918	9	( 704 800 859 861 932 945 )
919	9	( 704 800 859 861 932 945 )
920	12	( 704 800 859 861 945 )
921	15	( 704 861 932 )
922	12	( 704 800 859 861 945 )
923	14	( 704 861 932 )
924	14	( 704 800 859 861 932 945 )
925	11	( 704 800 859 861 932 945 )
926	13	( 704 800 859 861 932 945 )
927	11	( 704 800 859 861 932 945 )
928	14	( 800 859 932 945 )
929	11	( 704 800 859 861 932 945 )
930	13	( 704 800 859 861 932 945 )
931	12	( 704 861 932 )
932	16	( 704 800 859 861 945 )
933	12	( 704 800 859 861 932 945 )
934	10	( 704 800 859 861 932 945 )
935	15	( 704 861 932 )
936	12	( 704 800 859 861 932 945 )
937	11	( 704 800 859 861 932 945 )
938	15	( 704 800 859 861 932 945 )
939	13	( 704 800 859 861 932 945 )
940	13	( 704 800 859 861 945 )
941	13	( 800 859 932 945 )
942	14	( 800 859 932 945 )
943	12	( 704 800 859 861 932 945 )
944	13	( 704 800 859 861 932 945 )
945	16	( 704 861 932 )
946	11	( 704 800 859 861 932 945 )
947	15	( 704 861 932 )
948	12	( 704 800 859 861 932 945 )
949	11	( 704 800 859 861 932 945 )
950	14	( 704 861 932 )
951	12	( 704 800 859 861 945 )
952	13	( 704 861 932 )
953	11	( 704 800 859 861 932 945 )
954	12	( 704 800 859 861 932 945 )
955	12	( 704 800 859 861 932 945 )
956	12	( 704 800 859 861 932 945 )
957	10	( 704 800 859 861 932 945 )
958	10	( 704 800 859 861 932 945 )
959	13	( 704 861 932 )
960	14	( 704 800 859 861 932 945 )
961	12	( 704 800 859 861 932 945 )
962	14	( 800 859 932 945 )
963	12	( 704 861 932 )
964	11	( 704 800 859 861 932 945 )
965	15	( 800 859 932 945 )
966	11	( 704 800 859 861 932 945 )
967	13	( 704 800 859 861 945 )
968	14	( 704 861 932 )
969	13	( 704 861 932 )
970	13	( 704 861 932 )
971	12	( 704 861 932 )
972	14	( 800 859 932 945 )
973	11	( 704 800 859 861 932 945 )
974	12	( 704 800 859 861 932 945 )
975	11	( 704 861 932 )
976	12	( 704 800 859 861 932 945 )
977	11	( 704 800 859 861 932 945 )
978	11	( 704 800 859 861 932 945 )
979	11	( 704 800 859 861 945 )
980	11	( 704 861 932 )
981	11	( 704 861 932 )
982	11	( 704 861 932 )
983	10	( 704 800 859 861 932 945 )
984	10	( 704 800 859 861 932 945 )
985	11	( 800 859 932 945 )
986	10	( 704 800 859 861 932 945 )
987	10	( 704 861 932 )
988	10	( 704 861 932 )
989	10	( 704 800 859 861 932 945 )
990	10	( 704 800 859 861 932 945 )
991	10	( 704 800 859 861 945 )
992	10	( 704 800 859 861 945 )
993	9	( 704 800 859 861 932 945 )
994	9	( 704 800 859 861 932 945 )
995	9	( 704 800 859 861 932 945 )
996	9	( 704 800 859 861 932 945 )
997	12	( 704 800 859 861 932 945 )
998	13	( 704 800 859 861 945 )
999	12	( 704 800 859 861 932 945 )

