1, 661, 7, 29, 33, 36, 42, 54, 68, 69, 74, 80, 85, 88, 91, 100, 101, 110, 111, 116, 117, 120, 121, 123, 124, 127, 129, 130, 131, 132, 134, 137, 138, 143, 145, 147, 149, 151, 152, 154, 157, 159, 160, 164, 167, 169, 177, 178, 179, 181, 184, 185, 192, 194, 197, 198, 200, 203, 208, 209, 210, 215, 216, 217, 218, 219, 220, 223, 225, 226, 228, 231, 233, 237, 238, 239, 240, 242, 245, 247, 249, 251, 255, 257, 262, 264, 269, 270, 273, 275, 276, 277, 278, 279, 281, 282, 285, 286, 287, 288, 289, 293, 295, 297, 298, 300, 301, 303, 304, 305, 312, 314, 315, 317, 318, 319, 322, 323, 325, 328, 329, 330, 331, 333, 334, 335, 336, 337, 338, 341, 343, 346, 348, 350, 352, 353, 354, 356, 359, 362, 364, 368, 369, 370, 372, 373, 376, 377, 378, 379, 382, 385, 386, 387, 388, 390, 392, 393, 394, 395, 397, 398, 399, 403, 404, 405, 406, 407, 410, 411, 412, 413, 414, 415, 416, 421, 422, 424, 426, 427, 428, 429, 431, 432, 435, 436, 437, 438, 440, 442, 445, 446, 448, 450, 452, 453, 454, 455, 456, 457, 459, 461, 462, 463, 465, 466, 468, 469, 470, 473, 474, 476, 477, 478, 479, 480, 481, 482, 483, 484, 486, 488, 489, 490, 491, 492, 494, 497, 498, 499, 500, 501, 503, 505, 506, 507, 509, 510, 511, 513, 514, 515, 516, 518, 519, 520, 523, 524, 526, 527, 528, 529, 530, 531, 533, 535, 536, 539, 540, 541, 542, 543, 545, 546, 548, 549, 551, 552, 553, 554, 556, 557, 560, 561, 562, 564, 565, 566, 567, 568, 569, 570, 571, 572, 573, 575, 576, 577, 579, 581, 583, 584, 585, 586, 587, 588, 589, 590, 591, 592, 593, 597, 598, 599, 601, 604, 605, 606, 607, 608, 610, 611, 612, 613, 614, 615, 617, 618, 619, 620, 621, 622, 623, 624, 625, 627, 628, 630, 631, 632, 633, 634, 635, 637, 638, 639, 641, 642, 643, 644, 645, 646, 647, 649, 650, 651, 652, 653, 654, 656, 658, 659, 660, 661, 662, 663, 664, 665, 666, 667, 668, 669, 670, 671, 673, 674, 675, 676, 677, 679, 680, 682, 683, 684, 685, 687, 688, 689, 690, 691, 692, 693, 694, 696, 697, 698, 700, 701, 702, 703, 704, 705, 706, 707, 709, 710, 711, 712, 713, 714, 715, 717, 718, 721, 722, 723, 724, 725, 726, 727, 728, 729, 730, 731, 732, 733, 734, 736, 737, 738, 739, 740, 741, 742, 745, 746, 747, 748, 749, 750, 751, 752, 753, 754, 755, 756, 757, 758, 759, 760, 761, 762, 764, 766, 767, 768, 770, 771, 772, 773, 774, 775, 776, 777, 778, 779, 780, 781, 782, 783, 784, 785, 786, 787, 789, 790, 792, 793, 795, 796, 797, 798, 799, 800, 801, 802, 803, 804, 805, 806, 807, 808, 809, 811, 812, 813, 814, 815, 816, 817, 818, 819, 821, 822, 823, 824, 825, 826, 827, 828, 829, 830, 831, 832, 834, 835, 836, 837, 838, 839, 840, 841, 842, 843, 844, 845, 847, 848, 849, 850, 851, 852, 853, 854, 855, 857, 858, 859, 860, 861, 862, 863, 864, 865, 866, 867, 868, 869, 870, 871, 872, 873, 874, 875, 876, 877, 878, 879, 881, 882, 883, 884, 885, 886, 887, 888, 889, 890, 891, 892, 893, 894, 895, 896, 897, 898, 899, 900, 901, 902, 903, 905, 906, 907, 908, 909, 910, 911, 912, 913, 914, 915, 916, 917, 918, 919, 920, 921, 922, 923, 924, 925, 926, 927, 928, 930, 931, 932, 933, 934, 935, 936, 937, 938, 939, 940, 941, 942, 943, 944, 945, 946, 947, 948, 949, 950, 952, 953, 954, 955, 956, 957, 958, 959, 960, 961, 962, 963, 964, 965, 966, 967, 968, 969, 970, 971, 972, 974, 975, 976, 977, 978, 979, 980, 981, 982, 983, 984, 985, 986, 987, 988, 989, 990, 991, 992, 993, 994, 995, 996, 997, 998, 999,
2, 179, 5, 9, 14, 20, 24, 35, 65, 72, 76, 77, 83, 90, 95, 96, 98, 102, 103, 104, 105, 106, 109, 113, 118, 119, 128, 133, 139, 140, 142, 144, 153, 155, 158, 161, 168, 171, 172, 174, 180, 183, 186, 189, 193, 199, 201, 204, 206, 211, 212, 213, 221, 222, 227, 230, 234, 243, 248, 250, 252, 253, 254, 256, 259, 261, 263, 266, 268, 271, 272, 284, 290, 292, 296, 299, 306, 307, 309, 311, 313, 320, 321, 326, 332, 340, 342, 344, 349, 351, 355, 357, 358, 360, 361, 367, 371, 374, 375, 381, 383, 384, 391, 400, 401, 408, 409, 418, 419, 430, 434, 441, 444, 447, 449, 451, 464, 472, 475, 485, 487, 493, 495, 504, 512, 517, 521, 525, 534, 537, 538, 544, 547, 550, 555, 558, 563, 574, 578, 582, 594, 595, 596, 600, 602, 603, 609, 616, 626, 636, 640, 648, 655, 678, 681, 686, 695, 699, 708, 716, 719, 720, 735, 743, 744, 763, 765, 769, 788, 791, 794, 810, 820, 833, 846, 856, 880, 904, 929, 951, 973,
3, 54, 22, 26, 28, 30, 40, 64, 66, 70, 78, 81, 86, 89, 108, 135, 163, 173, 175, 176, 187, 188, 191, 196, 207, 224, 235, 236, 260, 274, 294, 310, 327, 339, 347, 365, 366, 380, 396, 417, 420, 423, 425, 433, 439, 443, 458, 460, 467, 502, 508, 522, 532, 559, 657, 672,
4, 39, 11, 12, 34, 37, 43, 45, 48, 49, 57, 58, 59, 62, 63, 71, 75, 122, 136, 150, 162, 166, 190, 202, 229, 232, 241, 244, 258, 280, 291, 302, 308, 324, 345, 389, 402, 471, 496, 580, 629,
5, 21, 16, 19, 27, 32, 46, 56, 60, 92, 93, 112, 115, 126, 141, 148, 165, 170, 182, 205, 265, 283, 363,
6, 11, 13, 18, 21, 25, 50, 51, 55, 107, 125, 195, 316,
7, 8, 17, 41, 44, 53, 84, 94, 246, 267,
8, 8, 4, 61, 67, 82, 87, 97, 99, 214,
9, 4, 23, 38, 52, 146,
10, 2, 47, 79,
11, 4, 15, 31, 39, 114,
12, 2, 3, 73,
13, 0,
14, 0,
15, 0,
16, 0,
17, 0,
18, 1, 10,
19, 1, 1,
20, 1, 156,
21, 0,
22, 0,
23, 0,
24, 0,
25, 0,
26, 0,
27, 0,
28, 0,
29, 1, 2,
30, 0,
31, 0,
32, 0,
33, 0,
34, 0,
35, 0,
36, 1, 8,
37, 1, 6,
38, 0,
39, 0,
40, 0,
41, 0,
42, 0,
43, 0,
44, 0,
45, 0,
46, 0,
47, 0,
48, 0,
49, 0,
50, 0,
51, 0,
52, 0,
53, 0,
54, 0,
55, 0,
56, 0,
57, 0,
58, 0,
59, 0,
60, 0,
61, 0,
62, 0,
63, 0,
64, 0,
65, 0,
66, 0,
67, 0,
68, 0,
69, 0,
70, 0,
71, 0,
72, 0,
73, 0,
74, 0,
75, 0,
76, 0,
77, 0,
78, 0,
79, 0,
80, 0,
81, 0,
82, 0,
83, 0,
84, 0,
85, 0,
86, 0,
87, 0,
88, 0,
89, 1, 0,
90, 0,
91, 0,
92, 0,
93, 0,
94, 0,
95, 0,
96, 0,
97, 0,
98, 0,
99, 0,
100, 0,
101, 0,
102, 0,
103, 0,
104, 0,
105, 0,
106, 0,
107, 0,
108, 0,
109, 0,
110, 0,
111, 0,
112, 0,
113, 0,
114, 0,
115, 0,
116, 0,
117, 0,
118, 0,
119, 0,
120, 0,
121, 0,
122, 0,
123, 0,
124, 0,
125, 0,
126, 0,
127, 0,
128, 0,
129, 0,
130, 0,
131, 0,
132, 0,
133, 0,
134, 0,
135, 0,
136, 0,
137, 0,
138, 0,
139, 0,
140, 0,
141, 0,
142, 0,
143, 0,
144, 0,
145, 0,
146, 0,
147, 0,
148, 0,
149, 0,
150, 0,
151, 0,
152, 0,
153, 0,
154, 0,
155, 0,
156, 0,
157, 0,
158, 0,
159, 0,
160, 0,
161, 0,
162, 0,
163, 0,
164, 0,
165, 0,
166, 0,
167, 0,
168, 0,
169, 0,
170, 0,
171, 0,
172, 0,
173, 0,
174, 0,
175, 0,
176, 0,
177, 0,
178, 0,
179, 0,
180, 0,
181, 0,
182, 0,
183, 0,
184, 0,
185, 0,
186, 0,
187, 0,
188, 0,
189, 0,
190, 0,
191, 0,
192, 0,
193, 0,
194, 0,
195, 0,
196, 0,
197, 0,
198, 0,
199, 0,
200, 0,
201, 0,
202, 0,
203, 0,
204, 0,
205, 0,
206, 0,
207, 0,
208, 0,
209, 0,
210, 0,
211, 0,
212, 0,
213, 0,
214, 0,
215, 0,
216, 0,
217, 0,
218, 0,
219, 0,
220, 0,
221, 0,
222, 0,
223, 0,
224, 0,
225, 0,
226, 0,
227, 0,
228, 0,
229, 0,
230, 0,
231, 0,
232, 0,
233, 0,
234, 0,
235, 0,
236, 0,
237, 0,
238, 0,
239, 0,
240, 0,
241, 0,
242, 0,
243, 0,
244, 0,
245, 0,
246, 0,
247, 0,
248, 0,
249, 0,
250, 0,
251, 0,
252, 0,
253, 0,
254, 0,
255, 0,
256, 0,
257, 0,
258, 0,
259, 0,
260, 0,
261, 0,
262, 0,
263, 0,
264, 0,
265, 0,
266, 0,
267, 0,
268, 0,
269, 0,
270, 0,
271, 0,
272, 0,
273, 0,
274, 0,
275, 0,
276, 0,
277, 0,
278, 0,
279, 0,
280, 0,
281, 0,
282, 0,
283, 0,
284, 0,
285, 0,
286, 0,
287, 0,
288, 0,
289, 0,
290, 0,
291, 0,
292, 0,
293, 0,
294, 0,
295, 0,
296, 0,
297, 0,
298, 0,
299, 0,
300, 0,
301, 0,
302, 0,
303, 0,
304, 0,
305, 0,
306, 0,
307, 0,
308, 0,
309, 0,
310, 0,
311, 0,
312, 0,
313, 0,
314, 0,
315, 0,
316, 0,
317, 0,
318, 0,
319, 0,
320, 0,
321, 0,
322, 0,
323, 0,
324, 0,
325, 0,
326, 0,
327, 0,
328, 0,
329, 0,
330, 0,
331, 0,
332, 0,
333, 0,
334, 0,
335, 0,
336, 0,
337, 0,
338, 0,
339, 0,
340, 0,
341, 0,
342, 0,
343, 0,
344, 0,
345, 0,
346, 0,
347, 0,
348, 0,
349, 0,
350, 0,
351, 0,
352, 0,
353, 0,
354, 0,
355, 0,
356, 0,
357, 0,
358, 0,
359, 0,
360, 0,
361, 0,
362, 0,
363, 0,
364, 0,
365, 0,
366, 0,
367, 0,
368, 0,
369, 0,
370, 0,
371, 0,
372, 0,
373, 0,
374, 0,
375, 0,
376, 0,
377, 0,
378, 0,
379, 0,
380, 0,
381, 0,
382, 0,
383, 0,
384, 0,
385, 0,
386, 0,
387, 0,
388, 0,
389, 0,
390, 0,
391, 0,
392, 0,
393, 0,
394, 0,
395, 0,
396, 0,
397, 0,
398, 0,
399, 0,
400, 0,
401, 0,
402, 0,
403, 0,
404, 0,
405, 0,
406, 0,
407, 0,
408, 0,
409, 0,
410, 0,
411, 0,
412, 0,
413, 0,
414, 0,
415, 0,
416, 0,
417, 0,
418, 0,
419, 0,
420, 0,
421, 0,
422, 0,
423, 0,
424, 0,
425, 0,
426, 0,
427, 0,
428, 0,
429, 0,
430, 0,
431, 0,
432, 0,
433, 0,
434, 0,
435, 0,
436, 0,
437, 0,
438, 0,
439, 0,
440, 0,
441, 0,
442, 0,
443, 0,
444, 0,
445, 0,
446, 0,
447, 0,
448, 0,
449, 0,
450, 0,
451, 0,
452, 0,
453, 0,
454, 0,
455, 0,
456, 0,
457, 0,
458, 0,
459, 0,
460, 0,
461, 0,
462, 0,
463, 0,
464, 0,
465, 0,
466, 0,
467, 0,
468, 0,
469, 0,
470, 0,
471, 0,
472, 0,
473, 0,
474, 0,
475, 0,
476, 0,
477, 0,
478, 0,
479, 0,
480, 0,
481, 0,
482, 0,
483, 0,
484, 0,
485, 0,
486, 0,
487, 0,
488, 0,
489, 0,
490, 0,
491, 0,
492, 0,
493, 0,
494, 0,
495, 0,
496, 0,
497, 0,
498, 0,
499, 0,
500, 0,
501, 0,
502, 0,
503, 0,
504, 0,
505, 0,
506, 0,
507, 0,
508, 0,
509, 0,
510, 0,
511, 0,
512, 0,
513, 0,
514, 0,
515, 0,
516, 0,
517, 0,
518, 0,
519, 0,
520, 0,
521, 0,
522, 0,
523, 0,
524, 0,
525, 0,
526, 0,
527, 0,
528, 0,
529, 0,
530, 0,
531, 0,
532, 0,
533, 0,
534, 0,
535, 0,
536, 0,
537, 0,
538, 0,
539, 0,
540, 0,
541, 0,
542, 0,
543, 0,
544, 0,
545, 0,
546, 0,
547, 0,
548, 0,
549, 0,
550, 0,
551, 0,
552, 0,
553, 0,
554, 0,
555, 0,
556, 0,
557, 0,
558, 0,
559, 0,
560, 0,
561, 0,
562, 0,
563, 0,
564, 0,
565, 0,
566, 0,
567, 0,
568, 0,
569, 0,
570, 0,
571, 0,
572, 0,
573, 0,
574, 0,
575, 0,
576, 0,
577, 0,
578, 0,
579, 0,
580, 0,
581, 0,
582, 0,
583, 0,
584, 0,
585, 0,
586, 0,
587, 0,
588, 0,
589, 0,
590, 0,
591, 0,
592, 0,
593, 0,
594, 0,
595, 0,
596, 0,
597, 0,
598, 0,
599, 0,
600, 0,
601, 0,
602, 0,
603, 0,
604, 0,
605, 0,
606, 0,
607, 0,
608, 0,
609, 0,
610, 0,
611, 0,
612, 0,
613, 0,
614, 0,
615, 0,
616, 0,
617, 0,
618, 0,
619, 0,
620, 0,
621, 0,
622, 0,
623, 0,
624, 0,
625, 0,
626, 0,
627, 0,
628, 0,
629, 0,
630, 0,
631, 0,
632, 0,
633, 0,
634, 0,
635, 0,
636, 0,
637, 0,
638, 0,
639, 0,
640, 0,
641, 0,
642, 0,
643, 0,
644, 0,
645, 0,
646, 0,
647, 0,
648, 0,
649, 0,
650, 0,
651, 0,
652, 0,
653, 0,
654, 0,
655, 0,
656, 0,
657, 0,
658, 0,
659, 0,
660, 0,
661, 0,
662, 0,
663, 0,
664, 0,
665, 0,
666, 0,
667, 0,
668, 0,
669, 0,
670, 0,
671, 0,
672, 0,
673, 0,
674, 0,
675, 0,
676, 0,
677, 0,
678, 0,
679, 0,
680, 0,
681, 0,
682, 0,
683, 0,
684, 0,
685, 0,
686, 0,
687, 0,
688, 0,
689, 0,
690, 0,
691, 0,
692, 0,
693, 0,
694, 0,
695, 0,
696, 0,
697, 0,
698, 0,
699, 0,
700, 0,
701, 0,
702, 0,
703, 0,
704, 0,
705, 0,
706, 0,
707, 0,
708, 0,
709, 0,
710, 0,
711, 0,
712, 0,
713, 0,
714, 0,
715, 0,
716, 0,
717, 0,
718, 0,
719, 0,
720, 0,
721, 0,
722, 0,
723, 0,
724, 0,
725, 0,
726, 0,
727, 0,
728, 0,
729, 0,
730, 0,
731, 0,
732, 0,
733, 0,
734, 0,
735, 0,
736, 0,
737, 0,
738, 0,
739, 0,
740, 0,
741, 0,
742, 0,
743, 0,
744, 0,
745, 0,
746, 0,
747, 0,
748, 0,
749, 0,
750, 0,
751, 0,
752, 0,
753, 0,
754, 0,
755, 0,
756, 0,
757, 0,
758, 0,
759, 0,
760, 0,
761, 0,
762, 0,
763, 0,
764, 0,
765, 0,
766, 0,
767, 0,
768, 0,
769, 0,
770, 0,
771, 0,
772, 0,
773, 0,
774, 0,
775, 0,
776, 0,
777, 0,
778, 0,
779, 0,
780, 0,
781, 0,
782, 0,
783, 0,
784, 0,
785, 0,
786, 0,
787, 0,
788, 0,
789, 0,
790, 0,
791, 0,
792, 0,
793, 0,
794, 0,
795, 0,
796, 0,
797, 0,
798, 0,
799, 0,
800, 0,
801, 0,
802, 0,
803, 0,
804, 0,
805, 0,
806, 0,
807, 0,
808, 0,
809, 0,
810, 0,
811, 0,
812, 0,
813, 0,
814, 0,
815, 0,
816, 0,
817, 0,
818, 0,
819, 0,
820, 0,
821, 0,
822, 0,
823, 0,
824, 0,
825, 0,
826, 0,
827, 0,
828, 0,
829, 0,
830, 0,
831, 0,
832, 0,
833, 0,
834, 0,
835, 0,
836, 0,
837, 0,
838, 0,
839, 0,
840, 0,
841, 0,
842, 0,
843, 0,
844, 0,
845, 0,
846, 0,
847, 0,
848, 0,
849, 0,
850, 0,
851, 0,
852, 0,
853, 0,
854, 0,
855, 0,
856, 0,
857, 0,
858, 0,
859, 0,
860, 0,
861, 0,
862, 0,
863, 0,
864, 0,
865, 0,
866, 0,
867, 0,
868, 0,
869, 0,
870, 0,
871, 0,
872, 0,
873, 0,
874, 0,
875, 0,
876, 0,
877, 0,
878, 0,
879, 0,
880, 0,
881, 0,
882, 0,
883, 0,
884, 0,
885, 0,
886, 0,
887, 0,
888, 0,
889, 0,
890, 0,
891, 0,
892, 0,
893, 0,
894, 0,
895, 0,
896, 0,
897, 0,
898, 0,
899, 0,
900, 0,
901, 0,
902, 0,
903, 0,
904, 0,
905, 0,
906, 0,
907, 0,
908, 0,
909, 0,
910, 0,
911, 0,
912, 0,
913, 0,
914, 0,
915, 0,
916, 0,
917, 0,
918, 0,
919, 0,
920, 0,
921, 0,
922, 0,
923, 0,
924, 0,
925, 0,
926, 0,
927, 0,
928, 0,
929, 0,
930, 0,
931, 0,
932, 0,
933, 0,
934, 0,
935, 0,
936, 0,
937, 0,
938, 0,
939, 0,
940, 0,
941, 0,
942, 0,
943, 0,
944, 0,
945, 0,
946, 0,
947, 0,
948, 0,
949, 0,
950, 0,
951, 0,
952, 0,
953, 0,
954, 0,
955, 0,
956, 0,
957, 0,
958, 0,
959, 0,
960, 0,
961, 0,
962, 0,
963, 0,
964, 0,
965, 0,
966, 0,
967, 0,
968, 0,
969, 0,
970, 0,
971, 0,
972, 0,
973, 0,
974, 0,
975, 0,
976, 0,
977, 0,
978, 0,
979, 0,
980, 0,
981, 0,
982, 0,
983, 0,
984, 0,
985, 0,
986, 0,
987, 0,
988, 0,
989, 0,
990, 0,
991, 0,
992, 0,
993, 0,
994, 0,
995, 0,
996, 0,
997, 0,
998, 0,
999, 0,
