1000
89	0 1 2 3 4 6 8 9 10 12 16 17 18 19 21 22 24 25 29 33 36 37 48 50 58 66 72 83 103 116 127 144 166 173 181 199 206 217 221 234 239 249 254 306 314 323 332 341 351 362 373 385 398 412 426 442 459 477 478 497 498 519 542 543 568 569 596 597 628 629 663 664 701 702 703 745 746 747 795 796 851 852 853 917 918 919 993 994 995 996 
19	1 0 2 5 7 13 60 69 94 117 153 155 157 284 291 627 662 794 916 992 
29	2 0 1 11 30 47 77 78 102 123 151 168 178 213 225 265 271 298 331 361 411 458 518 567 700 744 793 850 915 991 
12	3 0 97 142 159 322 397 441 496 541 595 661 849 
8	4 0 55 76 134 626 743 914 990 
2	5 1 259 
37	6 0 14 20 32 35 39 51 54 71 79 84 89 131 137 149 161 202 209 229 243 277 340 350 372 384 425 476 517 566 594 660 699 742 792 848 913 989 
1	7 1 
36	8 0 23 31 34 38 41 56 67 75 80 87 91 101 118 186 189 192 238 248 305 313 410 440 457 475 495 540 625 659 698 741 791 847 912 987 988 
2	9 0 15 
18	10 0 26 27 42 53 147 253 290 360 396 516 565 593 624 790 846 911 986 
4	11 2 175 424 697 
4	12 0 170 283 330 
6	13 1 45 195 383 539 910 
2	14 6 740 
11	15 9 44 163 183 297 321 371 658 789 845 985 
5	16 0 59 128 205 494 
7	17 0 74 124 264 270 409 456 
6	18 0 140 233 564 696 909 
5	19 0 349 592 623 984 
2	20 6 28 
6	21 0 474 515 739 788 844 
3	22 0 339 439 
9	23 8 81 93 96 119 216 220 657 908 
2	24 0 40 
6	25 0 57 100 276 538 983 
3	26 10 198 395 
5	27 10 145 258 695 843 
3	28 20 423 787 
1	29 0 
3	30 2 224 738 
11	31 8 46 85 180 312 493 563 591 622 907 982 
5	32 6 63 212 304 359 
1	33 0 
4	34 8 165 382 656 
2	35 6 842 
1	36 0 
4	37 0 64 455 514 
9	38 8 52 62 370 473 694 786 906 981 
11	39 6 43 68 70 73 242 329 408 438 537 737 
3	40 24 247 289 
7	41 8 49 132 135 621 841 980 
1	42 10 
4	43 39 320 590 905 
7	44 15 82 172 228 562 655 785 
4	45 13 120 282 348 
5	46 31 296 492 693 736 
10	47 2 109 201 237 338 394 422 840 904 979 
4	48 0 110 208 513 
4	49 41 108 125 252 
6	50 0 65 143 536 620 784 
6	51 6 111 177 454 472 978 
9	52 38 99 138 269 589 654 735 839 903 
7	53 10 61 107 263 381 561 692 
1	54 6 
6	55 4 129 167 358 437 977 
5	56 8 90 112 407 783 
4	57 25 88 154 369 
4	58 0 156 491 902 
4	59 16 275 311 838 
5	60 1 106 152 619 734 
8	61 53 95 188 303 512 653 691 976 
4	62 38 191 232 535 
4	63 32 328 588 782 
3	64 37 421 901 
2	65 50 158 
3	66 0 113 257 
8	67 8 185 393 453 471 560 837 975 
1	68 39 
1	69 1 
3	70 39 347 733 
4	71 6 150 204 319 
2	72 0 194 
12	73 39 105 121 219 288 337 618 652 690 781 900 974 
1	74 17 
4	75 8 215 436 836 
2	76 4 490 
2	77 2 92 
3	78 2 160 587 
10	79 6 223 295 380 406 511 534 732 899 973 
1	80 8 
3	81 23 114 281 
8	82 44 86 174 182 357 559 780 835 
2	83 0 689 
7	84 6 141 241 246 368 617 651 
1	85 31 
3	86 82 148 972 
8	87 8 169 197 211 420 452 470 898 
1	88 57 
3	89 6 104 731 
2	90 56 98 
1	91 8 
5	92 77 126 586 779 834 
5	93 23 251 268 392 971 
7	94 1 227 310 489 533 688 897 
2	95 61 510 
2	96 23 236 
8	97 3 162 262 327 435 558 616 650 
2	98 90 302 
8	99 52 115 133 346 730 778 833 970 
1	100 25 
1	101 8 
2	102 2 896 
2	103 0 274 
2	104 89 405 
2	105 73 179 
2	106 60 136 
6	107 53 318 336 379 585 687 
3	108 49 469 969 
2	109 47 146 
1	110 48 
1	111 51 
5	112 56 207 451 649 832 
2	113 66 895 
11	114 81 122 130 200 356 419 532 557 615 729 777 
5	115 99 367 488 509 968 
1	116 0 
1	117 1 
2	118 8 287 
2	119 23 256 
1	120 45 
1	121 73 
4	122 114 686 831 894 
1	123 2 
1	124 17 
6	125 49 164 294 391 434 776 
5	126 92 231 584 728 967 
1	127 0 
2	128 16 648 
1	129 55 
1	130 114 
1	131 6 
1	132 41 
2	133 99 280 
1	134 4 
3	135 41 139 171 
4	136 106 614 830 893 
1	137 6 
1	138 52 
2	139 135 468 
2	140 18 966 
5	141 84 404 531 556 685 
2	142 3 775 
1	143 50 
2	144 0 176 
1	145 27 
9	146 109 309 326 345 450 487 508 727 892 
1	147 10 
5	148 86 378 647 829 965 
1	149 6 
4	150 71 218 418 583 
1	151 2 
1	152 60 
2	153 1 245 
1	154 57 
2	155 1 301 
20	156 58 187 190 203 214 222 240 267 317 335 355 366 433 613 684 726 774 828 891 964 
1	157 1 
2	158 65 555 
1	159 3 
1	160 78 
2	161 6 530 
4	162 97 250 390 646 
3	163 15 261 467 
1	164 125 
5	165 34 273 773 890 963 
4	166 0 193 507 582 
1	167 55 
2	168 2 184 
1	169 87 
5	170 12 486 683 725 827 
2	171 135 612 
2	172 44 449 
3	173 0 235 403 
2	174 82 962 
3	175 11 210 226 
3	176 144 286 889 
1	177 51 
1	178 2 
1	179 105 
2	180 31 772 
1	181 0 
5	182 82 293 417 554 645 
2	183 15 826 
1	184 168 
1	185 67 
2	186 8 377 
3	187 156 529 961 
3	188 61 196 724 
2	189 8 682 
4	190 156 344 581 888 
3	191 62 255 432 
1	192 8 
2	193 166 611 
1	194 72 
6	195 13 279 325 466 506 771 
3	196 188 825 960 
1	197 87 
1	198 26 
2	199 0 308 
1	200 114 
2	201 47 485 
4	202 6 365 644 887 
1	203 156 
2	204 71 389 
5	205 16 334 354 448 723 
2	206 0 681 
3	207 112 553 959 
1	208 48 
1	209 6 
1	210 175 
2	211 87 770 
2	212 32 824 
2	213 2 300 
8	214 156 230 316 402 528 580 610 886 
1	215 75 
1	216 23 
1	217 0 
1	218 150 
1	219 73 
1	220 23 
2	221 0 958 
2	222 156 416 
1	223 79 
3	224 30 643 722 
1	225 2 
1	226 175 
2	227 94 505 
1	228 44 
4	229 6 680 769 823 
2	230 214 885 
1	231 126 
4	232 62 266 431 465 
1	233 18 
2	234 0 957 
3	235 173 376 484 
3	236 96 244 552 
1	237 47 
1	238 8 
1	239 0 
1	240 156 
4	241 84 272 579 609 
1	242 39 
2	243 6 721 
4	244 236 260 822 884 
1	245 153 
7	246 84 343 447 527 642 768 956 
1	247 40 
2	248 8 679 
1	249 0 
2	250 162 285 
1	251 93 
2	252 49 388 
2	253 10 292 
2	254 0 364 
1	255 191 
2	256 119 324 
1	257 66 
4	258 27 504 883 955 
2	259 5 821 
3	260 244 353 401 
2	261 163 720 
1	262 97 
2	263 53 767 
1	264 17 
5	265 2 333 415 551 608 
2	266 232 578 
7	267 156 307 464 483 641 678 954 
2	268 93 882 
1	269 52 
1	270 17 
2	271 2 430 
2	272 241 820 
1	273 165 
3	274 103 278 526 
1	275 59 
1	276 25 
1	277 6 
1	278 274 
1	279 195 
4	280 133 315 719 766 
1	281 81 
1	282 45 
5	283 12 299 375 446 953 
2	284 1 881 
1	285 250 
1	286 176 
1	287 118 
1	288 73 
1	289 40 
2	290 10 607 
4	291 1 503 677 819 
2	292 253 640 
1	293 182 
3	294 125 550 577 
1	295 79 
2	296 46 952 
1	297 15 
1	298 2 
2	299 283 765 
1	300 213 
1	301 155 
4	302 98 387 718 880 
1	303 61 
1	304 32 
1	305 8 
2	306 0 342 
2	307 267 482 
4	308 199 463 525 818 
2	309 146 400 
3	310 94 363 951 
2	311 59 414 
1	312 31 
2	313 8 676 
1	314 0 
1	315 280 
6	316 214 429 606 639 764 879 
1	317 156 
1	318 107 
1	319 71 
2	320 43 352 
2	321 15 717 
1	322 3 
1	323 0 
4	324 256 576 817 950 
1	325 195 
2	326 146 549 
3	327 97 445 502 
1	328 63 
1	329 39 
1	330 12 
1	331 2 
2	332 0 878 
1	333 265 
1	334 205 
1	335 156 
1	336 107 
1	337 73 
1	338 47 
3	339 22 675 763 
2	340 6 949 
1	341 0 
2	342 306 374 
1	343 246 
2	344 190 524 
4	345 146 638 716 816 
1	346 99 
3	347 70 481 605 
1	348 45 
2	349 19 877 
1	350 6 
2	351 0 462 
1	352 320 
1	353 260 
1	354 205 
2	355 156 948 
1	356 114 
2	357 82 575 
2	358 55 386 
1	359 32 
2	360 10 762 
2	361 2 548 
1	362 0 
5	363 310 399 413 674 815 
1	364 254 
3	365 202 428 876 
3	366 156 501 715 
2	367 115 947 
1	368 84 
1	369 57 
1	370 38 
2	371 15 637 
1	372 6 
1	373 0 
2	374 342 444 
2	375 283 604 
1	376 235 
1	377 186 
1	378 148 
1	379 107 
3	380 79 523 761 
2	381 53 814 
1	382 34 
2	383 13 875 
2	384 6 946 
1	385 0 
1	386 358 
1	387 302 
1	388 252 
4	389 204 480 574 673 
1	390 162 
2	391 125 714 
1	392 93 
1	393 67 
1	394 47 
1	395 26 
3	396 10 461 547 
1	397 3 
1	398 0 
1	399 363 
2	400 309 636 
2	401 260 945 
4	402 214 760 813 874 
1	403 173 
1	404 141 
1	405 104 
1	406 79 
1	407 56 
2	408 39 603 
2	409 17 500 
1	410 8 
1	411 2 
1	412 0 
1	413 363 
1	414 311 
1	415 265 
1	416 222 
3	417 182 672 713 
2	418 150 944 
2	419 114 427 
3	420 87 522 873 
1	421 64 
1	422 47 
3	423 28 573 812 
1	424 11 
3	425 6 443 759 
1	426 0 
1	427 419 
1	428 365 
1	429 316 
2	430 271 635 
1	431 232 
1	432 191 
3	433 156 546 943 
2	434 125 479 
1	435 97 
1	436 75 
1	437 55 
1	438 39 
3	439 22 602 872 
1	440 8 
2	441 3 712 
1	442 0 
3	443 425 671 811 
2	444 374 460 
1	445 327 
1	446 283 
2	447 246 758 
1	448 205 
2	449 172 942 
1	450 146 
2	451 112 499 
1	452 87 
1	453 67 
1	454 51 
1	455 37 
1	456 17 
1	457 8 
3	458 2 572 871 
1	459 0 
3	460 444 521 634 
1	461 396 
1	462 351 
1	463 308 
2	464 267 810 
1	465 232 
1	466 195 
3	467 163 711 941 
1	468 139 
1	469 108 
1	470 87 
4	471 67 545 670 757 
2	472 51 601 
1	473 38 
1	474 21 
2	475 8 870 
1	476 6 
1	477 0 
1	478 0 
1	479 434 
1	480 389 
1	481 347 
1	482 307 
1	483 267 
1	484 235 
2	485 201 940 
1	486 170 
2	487 146 809 
1	488 115 
1	489 94 
1	490 76 
1	491 58 
1	492 46 
2	493 31 633 
1	494 16 
2	495 8 710 
4	496 3 571 756 869 
1	497 0 
1	498 0 
1	499 451 
1	500 409 
1	501 366 
3	502 327 669 939 
1	503 291 
2	504 258 520 
1	505 227 
1	506 195 
1	507 166 
3	508 146 600 808 
1	509 115 
1	510 95 
1	511 79 
2	512 61 544 
1	513 48 
1	514 37 
1	515 21 
1	516 10 
2	517 6 868 
1	518 2 
1	519 0 
1	520 504 
2	521 460 938 
3	522 420 709 755 
1	523 380 
1	524 344 
2	525 308 632 
1	526 274 
1	527 246 
1	528 214 
1	529 187 
1	530 161 
1	531 141 
3	532 114 668 807 
1	533 94 
2	534 79 570 
1	535 62 
1	536 50 
2	537 39 867 
2	538 25 937 
1	539 13 
1	540 8 
1	541 3 
1	542 0 
1	543 0 
2	544 512 599 
1	545 471 
1	546 433 
2	547 396 754 
1	548 361 
1	549 326 
2	550 294 708 
1	551 265 
1	552 236 
1	553 207 
1	554 182 
2	555 158 806 
1	556 141 
1	557 114 
2	558 97 936 
3	559 82 631 866 
1	560 67 
1	561 53 
1	562 44 
2	563 31 667 
1	564 18 
1	565 10 
1	566 6 
1	567 2 
1	568 0 
1	569 0 
1	570 534 
1	571 496 
1	572 458 
1	573 423 
2	574 389 753 
1	575 357 
1	576 324 
1	577 294 
2	578 266 935 
1	579 241 
4	580 214 707 805 865 
1	581 190 
2	582 166 598 
1	583 150 
1	584 126 
1	585 107 
1	586 92 
1	587 78 
1	588 63 
1	589 52 
1	590 43 
1	591 31 
1	592 19 
1	593 10 
2	594 6 630 
2	595 3 666 
2	596 0 934 
1	597 0 
1	598 582 
1	599 544 
2	600 508 752 
1	601 472 
2	602 439 864 
2	603 408 804 
1	604 375 
1	605 347 
1	606 316 
1	607 290 
1	608 265 
2	609 241 706 
1	610 214 
1	611 193 
1	612 171 
1	613 156 
1	614 136 
1	615 114 
2	616 97 933 
1	617 84 
1	618 73 
1	619 60 
1	620 50 
1	621 41 
1	622 31 
1	623 19 
1	624 10 
1	625 8 
2	626 4 863 
1	627 1 
1	628 0 
4	629 0 665 751 803 
1	630 594 
1	631 559 
1	632 525 
1	633 493 
1	634 460 
1	635 430 
2	636 400 932 
1	637 371 
1	638 345 
1	639 316 
2	640 292 705 
1	641 267 
1	642 246 
1	643 224 
1	644 202 
1	645 182 
1	646 162 
1	647 148 
2	648 128 862 
1	649 112 
1	650 97 
1	651 84 
1	652 73 
1	653 61 
1	654 52 
2	655 44 802 
1	656 34 
3	657 23 750 931 
1	658 15 
1	659 8 
1	660 6 
1	661 3 
1	662 1 
1	663 0 
1	664 0 
1	665 629 
1	666 595 
1	667 563 
1	668 532 
1	669 502 
1	670 471 
1	671 443 
3	672 417 704 861 
1	673 389 
1	674 363 
1	675 339 
1	676 313 
1	677 291 
2	678 267 930 
1	679 248 
1	680 229 
2	681 206 801 
1	682 189 
1	683 170 
1	684 156 
1	685 141 
2	686 122 749 
1	687 107 
1	688 94 
1	689 83 
1	690 73 
1	691 61 
1	692 53 
1	693 46 
1	694 38 
2	695 27 860 
1	696 18 
1	697 11 
1	698 8 
2	699 6 929 
1	700 2 
1	701 0 
1	702 0 
1	703 0 
1	704 672 
1	705 640 
1	706 609 
1	707 580 
2	708 550 800 
1	709 522 
1	710 495 
1	711 467 
1	712 441 
1	713 417 
1	714 391 
1	715 366 
2	716 345 748 
1	717 321 
1	718 302 
2	719 280 859 
2	720 261 928 
1	721 243 
1	722 224 
1	723 205 
1	724 188 
1	725 170 
1	726 156 
1	727 146 
1	728 126 
1	729 114 
1	730 99 
1	731 89 
1	732 79 
1	733 70 
1	734 60 
2	735 52 799 
1	736 46 
1	737 39 
1	738 30 
1	739 21 
1	740 14 
1	741 8 
1	742 6 
2	743 4 927 
2	744 2 858 
1	745 0 
1	746 0 
1	747 0 
1	748 716 
1	749 686 
1	750 657 
1	751 629 
1	752 600 
1	753 574 
1	754 547 
1	755 522 
1	756 496 
1	757 471 
1	758 447 
1	759 425 
1	760 402 
1	761 380 
1	762 360 
2	763 339 798 
1	764 316 
2	765 299 926 
1	766 280 
1	767 263 
1	768 246 
2	769 229 857 
1	770 211 
1	771 195 
1	772 180 
1	773 165 
1	774 156 
1	775 142 
1	776 125 
1	777 114 
1	778 99 
1	779 92 
1	780 82 
1	781 73 
1	782 63 
1	783 56 
1	784 50 
1	785 44 
1	786 38 
1	787 28 
2	788 21 925 
1	789 15 
1	790 10 
2	791 8 797 
1	792 6 
1	793 2 
2	794 1 856 
1	795 0 
1	796 0 
1	797 791 
1	798 763 
1	799 735 
1	800 708 
1	801 681 
1	802 655 
1	803 629 
1	804 603 
1	805 580 
1	806 555 
1	807 532 
1	808 508 
1	809 487 
2	810 464 924 
1	811 443 
1	812 423 
1	813 402 
1	814 381 
1	815 363 
1	816 345 
1	817 324 
1	818 308 
1	819 291 
2	820 272 855 
1	821 259 
1	822 244 
1	823 229 
1	824 212 
1	825 196 
1	826 183 
1	827 170 
1	828 156 
1	829 148 
1	830 136 
1	831 122 
1	832 112 
2	833 99 923 
1	834 92 
1	835 82 
1	836 75 
1	837 67 
1	838 59 
1	839 52 
1	840 47 
1	841 41 
1	842 35 
1	843 27 
1	844 21 
1	845 15 
2	846 10 854 
1	847 8 
1	848 6 
1	849 3 
1	850 2 
1	851 0 
1	852 0 
1	853 0 
1	854 846 
1	855 820 
2	856 794 922 
1	857 769 
1	858 744 
1	859 719 
1	860 695 
1	861 672 
1	862 648 
1	863 626 
1	864 602 
1	865 580 
1	866 559 
1	867 537 
1	868 517 
1	869 496 
1	870 475 
1	871 458 
1	872 439 
1	873 420 
1	874 402 
1	875 383 
1	876 365 
1	877 349 
1	878 332 
1	879 316 
2	880 302 921 
1	881 284 
1	882 268 
1	883 258 
1	884 244 
1	885 230 
1	886 214 
1	887 202 
1	888 190 
1	889 176 
1	890 165 
1	891 156 
1	892 146 
1	893 136 
1	894 122 
1	895 113 
1	896 102 
1	897 94 
1	898 87 
1	899 79 
1	900 73 
1	901 64 
1	902 58 
1	903 52 
2	904 47 920 
1	905 43 
1	906 38 
1	907 31 
1	908 23 
1	909 18 
1	910 13 
1	911 10 
1	912 8 
1	913 6 
1	914 4 
1	915 2 
1	916 1 
1	917 0 
1	918 0 
1	919 0 
1	920 904 
1	921 880 
1	922 856 
1	923 833 
1	924 810 
1	925 788 
1	926 765 
1	927 743 
1	928 720 
2	929 699 999 
1	930 678 
1	931 657 
1	932 636 
1	933 616 
1	934 596 
1	935 578 
1	936 558 
1	937 538 
1	938 521 
1	939 502 
1	940 485 
1	941 467 
1	942 449 
1	943 433 
1	944 418 
1	945 401 
1	946 384 
1	947 367 
1	948 355 
1	949 340 
1	950 324 
2	951 310 998 
1	952 296 
1	953 283 
1	954 267 
1	955 258 
1	956 246 
1	957 234 
1	958 221 
1	959 207 
1	960 196 
1	961 187 
1	962 174 
1	963 165 
1	964 156 
1	965 148 
1	966 140 
1	967 126 
1	968 115 
1	969 108 
1	970 99 
1	971 93 
1	972 86 
2	973 79 997 
1	974 73 
1	975 67 
1	976 61 
1	977 55 
1	978 51 
1	979 47 
1	980 41 
1	981 38 
1	982 31 
1	983 25 
1	984 19 
1	985 15 
1	986 10 
1	987 8 
1	988 8 
1	989 6 
1	990 4 
1	991 2 
1	992 1 
1	993 0 
1	994 0 
1	995 0 
1	996 0 
1	997 973 
1	998 951 
1	999 929 
